start=6801.427967
speed=1.610510
