start=2234.232133
speed=1.464100
pause=yes
sub-delay=-228.904770
