start=1634.080000
speed=1.464100
