start=4531.569000
volume=98.000000
