start=6326.305844
pause=yes
sub-delay=-0.100000
