start=1355.854000
speed=1.331000
