start=1048.614233
pause=yes
volume=90.000000
