start=2028.760000
speed=1.610510
