start=1350.724375
speed=1.000000
volume=98.000000
saturation=1
