start=166.875000
pause=yes
sid=2
ab-loop-a=166.875000
