start=1601.541667
speed=1.610510
