start=5318.083500
brightness=1
saturation=-1
deinterlace=yes
sid=5
sub-delay=-1.100000
sub-pos=101
