start=1219.051000
sub-delay=0.100000
