start=4.600000
sid=no
ab-loop-a=110.193000
