start=216.133000
aid=1
sid=no
ab-loop-a=110.193000
